核电厂/机组
	

装机容量（MWe）
	

发电量（亿千瓦时）
	

上网电量（亿千瓦时）
	

核电设备利用小时数
	

机组能力因子（%）

秦山核电厂
	

1号机组
	

350
	

5.38
	

5.03
	

1537.92
	

71.81

大亚湾核电厂
	

1号机组
	

984
	

21.69
	

20.79
	

2204.27
	

100.00

2号机组
	

984
	

21.66
	

20.76
	

2201.22
	

99.99

秦山第二核电厂
	

1号机组
	

670
	

14.48
	

13.56
	

2161.05
	

100.00

2号机组
	

650
	

10.16
	

9.54
	

1562.88
	

71.10

3号机组
	

660
	

14.46
	

13.58
	

2191.45
	

100.00

4号机组
	

660
	

13.75
	

12.93
	

2083.67
	

100.00

岭澳核电厂
	

1号机组
	

990
	

20.46
	

19.58
	

2066.67
	

99.99

2号机组
	

990
	

13.84
	

13.26
	

1397.98
	

64.20

3号机组
	

1086
	

18.93
	

17.82
	

1743.09
	

100.00

4号机组
	

1086
	

22.83
	

21.51
	

2102.21
	

99.98

秦山第三核电厂
	

1号机组
	

728
	

15.70
	

14.55
	

2156.90
	

99.99

2号机组
	

728
	

15.68
	

14.52
	

2154.36
	

100.00

田湾核电站
	

1号机组
	

1060
	

22.27
	

20.89
	

2101.41
	

100.00

2号机组
	

1060
	

20.63
	

19.36
	

1945.90
	

100.00

3号机组
	

1126
	

23.52
	

21.97
	

2088.60
	

100.00

4号机组
	

1126
	

23.96
	

22.30
	

2128.06
	

100.00

5号机组
	

1118
	

23.37
	

22.04
	

2090.47
	

100.00

6号机组
	

1118
	

23.26
	

22.01
	

2080.43
	

100.00

红沿河核电厂
	

1号机组
	

1118.79
	

17.84
	

16.80
	

1594.84
	

75.43

2号机组
	

1118.79
	

23.96
	

22.59
	

2141.16
	

100.00

3号机组
	

1118.79
	

15.18
	

14.25
	

1357.26
	

66.82

4号机组
	

1118.79
	

22.93
	

21.56
	

2049.64
	

99.99

5号机组
	

1118.79
	

23.41
	

21.93
	

2092.72
	

99.98

6号机组
	

1118.79
	

/
	

/
	

/
	

/

宁德核电厂
	

1号机组
	

1089
	

19.86
	

18.49
	

1823.99
	

99.99

2号机组
	

1089
	

18.10
	

16.87
	

1661.93
	

100.00

3号机组
	

1089
	

20.93
	

19.47
	

1922.12
	

100.00

4号机组
	

1089
	

14.09
	

13.20
	

1293.80
	

64.18

福清核电厂
	

1号机组
	

1089
	

23.62
	

22.03
	

2169.39
	

100.00

2号机组
	

1089
	

22.26
	

20.68
	

2044.46
	

100.00

3号机组
	

1089
	

19.91
	

18.49
	

1827.99
	

100.00

4号机组
	

1089
	

19.20
	

17.92
	

1763.06
	

81.40

5号机组
	

1161
	

2.93
	

2.66
	

252.76
	

12.59

6号机组
	

1161
	

7.28
	

6.61
	

627.12
	

/

阳江核电厂
	

1号机组
	

1086
	

22.42
	

21.08
	

2064.89
	

100.00

2号机组
	

1086
	

15.47
	

14.58
	

1424.58
	

66.70

3号机组
	

1086
	

23.68
	

22.35
	

2180.72
	

100.00

4号机组
	

1086
	

18.24
	

17.09
	

1679.16
	

100.00

5号机组
	

1086
	

23.11
	

21.75
	

2128.28
	

98.90

6号机组
	

1086
	

17.28
	

16.28
	

1591.43
	

73.92

方家山核电厂
	

1号机组
	

1089
	

23.56
	

22.21
	

2163.47
	

99.99

2号机组
	

1089
	

23.35
	

22.05
	

2144.53
	

100.00

三门核电厂
	

1号机组
	

1251
	

25.56
	

23.92
	

2042.87
	

100.00

2号机组
	

1251
	

27.14
	

25.41
	

2169.72
	

100.00

海阳核电厂
	

1号机组
	

1253
	

25.59
	

23.95
	

2340.36
	

98.09

2号机组
	

1253
	

24.53
	

22.96
	

1957.99
	

98.16

台山核电厂
	

1号机组
	

1750
	

0.00
	

0.00
	

0.00
	

0.00

2号机组
	

1750
	

35.43
	

33.17
	

2024.76
	

93.25

昌江核电厂
	

1号机组
	

650
	

13.97
	

13.03
	

2149.68
	

100.00

2号机组
	

650
	

13.68
	

12.75
	

2104.26
	

100.00

防城港核电厂
	

1号机组
	

1086
	

22.36
	

20.96
	

2059.01
	

96.72

2号机组
	

1086
	

16.87
	

15.89
	

1553.43
	

72.05

石岛湾核电厂
	

1号机组
	

211
	

0.00
	

0.00
	

0.00
	

/
